,H,He,Li,Be,B,C,N,O,F,Ne,Na,Mg,Al,Si,P,S,Cl,Ar,K,Ca,Sc,Ti,V,Cr,Mn,Fe,Co,Ni,Cu,Zn,Ga,Ge,As,Se,Br,Kr,Rb,Sr,Y,Zr,Nb,Mo,Tc,Ru,Rh,Pd,Ag,Cd,In,Sn,Sb,Te,I,Xe,Cs,Ba,La,Ce,Pr,Nd,Pm,Sm,Eu,Gd,Tb,Dy,Ho,Er,Tm,Yb,Lu,Hf,Ta,W,Re,Os,Ir,Pt,Au,Hg,Tl,Pb,Bi
H,-1.0,-1.0,-1.0,-1.0,0.8231733756793892,-1.0,-1.0,-1.0,-1.0,-1.0,-1.0,-1.0,0.8739956074999999,-1.0,-1.0,-1.0,-1.0,-1.0,-1.0,-1.0,-1.0,-1.0,-1.0,0.9028747556250001,0.66610738375,0.8267436328125,0.7305765,-1.0,-1.0,-1.0,0.8561665624999999,-1.0,-1.0,-1.0,-1.0,-1.0,-1.0,-1.0,0.9498846452499998,-1.0,-1.0,-1.0,-1.0,-1.0,-1.0,-1.0,-1.0,-1.0,0.92376742625,-1.0,-1.0,-1.0,-1.0,-1.0,-1.0,-1.0,0.7783833625071311,-1.0,-1.0,0.8540367798249677,-1.0,-1.0,-1.0,-1.0,0.82316329375,-1.0,-1.0,-1.0,-1.0,1.0079225058333334,-1.0,-1.0,-1.0,-1.0,-1.0,-1.0,-1.0,-1.0,-1.0,-1.0,-1.0,-1.0,-1.0
He,-1.0,-1.0,-1.0,-1.0,-1.0,-1.0,-1.0,-1.0,-1.0,-1.0,-1.0,-1.0,-1.0,-1.0,-1.0,-1.0,-1.0,-1.0,-1.0,-1.0,-1.0,-1.0,-1.0,-1.0,-1.0,-1.0,-1.0,-1.0,-1.0,-1.0,-1.0,-1.0,-1.0,-1.0,-1.0,-1.0,-1.0,-1.0,-1.0,-1.0,-1.0,-1.0,-1.0,-1.0,-1.0,-1.0,-1.0,-1.0,-1.0,-1.0,-1.0,-1.0,-1.0,-1.0,-1.0,-1.0,-1.0,-1.0,-1.0,-1.0,-1.0,-1.0,-1.0,-1.0,-1.0,-1.0,-1.0,-1.0,-1.0,-1.0,-1.0,-1.0,-1.0,-1.0,-1.0,-1.0,-1.0,-1.0,-1.0,-1.0,-1.0,-1.0,-1.0
Li,-1.0,-1.0,-1.0,-1.0,0.8716896863336786,0.7169504225000001,-1.0,-1.0,-1.0,-1.0,-1.0,-1.0,0.7812797170263089,-1.0,-1.0,-1.0,-1.0,-1.0,-1.0,-1.0,0.815092155,-1.0,-1.0,0.73370725425,-1.0,0.7774581888967256,1.0225456415625,-1.0,1.1847837658333333,-1.0,0.677483078478662,-1.0,-1.0,-1.0,-1.0,-1.0,-1.0,-1.0,0.5576033107802544,-1.0,-1.0,-1.0,-1.0,-1.0,0.7814329466666666,-1.0,-1.0,-1.0,0.6222836966872726,-1.0,0.29444679072212787,-1.0,-1.0,-1.0,-1.0,-1.0,0.6582490437296774,-1.0,0.9312404,-1.0,-1.0,1.1320594,-1.0,-1.0,-1.0,0.3258026319678942,0.25775349927319297,0.5141309937364997,-1.0,-1.0,0.4385521816245787,-1.0,-1.0,-1.0,-1.0,-1.0,-1.0,-1.0,-1.0,-1.0,0.7555406175,-1.0,1.059799256875
Be,-1.0,-1.0,-1.0,-1.0,0.8077281793575382,-1.0,-1.0,-1.0,-1.0,-1.0,-1.0,-1.0,-1.0,-1.0,-1.0,-1.0,-1.0,-1.0,-1.0,-1.0,-1.0,-1.0,-1.0,-1.0,-1.0,-1.0,-1.0,-1.0,-1.0,-1.0,-1.0,-1.0,-1.0,-1.0,-1.0,-1.0,-1.0,-1.0,-1.0,-1.0,-1.0,-1.0,-1.0,-1.0,-1.0,-1.0,-1.0,-1.0,-1.0,-1.0,-1.0,-1.0,-1.0,-1.0,-1.0,-1.0,-1.0,-1.0,-1.0,-1.0,-1.0,-1.0,-1.0,-1.0,-1.0,-1.0,-1.0,-1.0,-1.0,-1.0,-1.0,-1.0,-1.0,-1.0,-1.0,-1.0,-1.0,-1.0,-1.0,-1.0,-1.0,-1.0,-1.0
B,0.8231733756793892,-1.0,0.8716896863336786,0.8077281793575382,-1.0,0.5595667239456917,0.863654530485236,-1.0,-1.0,-1.0,0.5980683457615005,0.5535689493376629,0.6409326374655501,0.21382544078272925,0.5398216396100751,-1.0,-1.0,-1.0,0.43802786030238483,0.4340642970263819,0.6164115334945831,0.5740446962765313,0.6089136267555022,0.6404927086730646,0.497676048652266,0.5901556479724585,0.614438480478996,0.6388978216737203,0.5823429348188817,0.6073411576492875,0.5392390587705413,-1.0,0.7869049274302817,-1.0,1.2673643680000002,-1.0,0.4531084393040013,0.5407402158853645,0.7417000342960929,-1.0,0.6912357145216033,0.6978585955694961,-1.0,0.7044658360088935,0.6856746842799506,0.708162358,0.8518536500000002,0.5572028154238879,0.6236233648077829,-1.0,0.8530162599042596,-1.0,0.9887914060000002,-1.0,-1.0,-1.0,0.7890538938620191,0.7910843804950818,0.7353268101852952,0.7163254832985928,-1.0,0.6347301283304433,0.7051386686030162,0.7967588495150019,0.7511901597786704,0.6955710319017906,0.7313510944409483,0.7485303197539769,0.6978634577515447,0.5039670311187107,0.6073923570727071,-1.0,0.4538481298114995,-1.0,-1.0,-1.0,-1.0,0.6969828762447076,0.7168008243252912,-1.0,0.8028121739643049,0.5297531810536061,0.8543170607198368
C,-1.0,-1.0,0.7169504225000001,-1.0,0.5595667239456917,-1.0,0.7711298537500001,-1.0,-1.0,-1.0,0.44210613125,-1.0,0.668045585297524,-1.0,-1.0,-1.0,-1.0,-1.0,0.5335877710277586,-1.0,0.7878371662695877,0.8079832017174144,0.7775285558080711,0.7574873809934918,0.6845662693688666,0.7617121406042808,0.7802408170119415,0.6741925125000001,0.659717086875,-1.0,0.6993776942705341,-1.0,0.7594024504699542,-1.0,-1.0,-1.0,0.4879404383251929,-1.0,0.8338478994586391,-1.0,0.8169013096353371,0.7801186662499999,-1.0,0.758748945,0.777955609232297,0.736927372995565,-1.0,-1.0,0.8461392068697225,-1.0,0.8199828845211619,-1.0,-1.0,-1.0,-1.0,-1.0,0.9474299509526709,0.69144216,0.9417657249770599,0.9409006299850482,-1.0,0.8032066315523355,1.015635185,0.8765960549027494,0.8100678064950202,0.8073940048075016,0.7711303032652348,0.8886793352221583,0.895021775,0.82668001375,0.8594746514960276,-1.0,-1.0,-1.0,-1.0,-1.0,-1.0,0.7704413024925718,0.8852865547565318,-1.0,0.8887432844405327,-1.0,0.8655757141
N,-1.0,-1.0,-1.0,-1.0,0.863654530485236,0.7711298537500001,-1.0,-1.0,0.9509468004905318,-1.0,0.7899676341666705,-1.0,0.7919581100012906,-1.0,0.4256486829155976,-1.0,0.6703868666294646,-1.0,0.5249161815750275,-1.0,0.8837710256214046,0.9806089603397501,0.9808538503622982,0.9677896749710463,0.7190198415501649,0.7625227465170159,0.87186696890625,0.8859116312499999,0.7565178789562785,-1.0,0.6740099596152449,-1.0,0.66521662,-1.0,-1.0,-1.0,-1.0,-1.0,0.947285791628817,-1.0,0.8496178774999998,0.896691085,-1.0,0.88284019,0.8663473100000001,-1.0,-1.0,-1.0,0.9152445766793585,-1.0,0.763745670343789,-1.0,-1.0,-1.0,0.85630452,-1.0,1.114756965796706,1.069076829260352,1.066249841241035,1.0647302417936844,-1.0,1.0460238020233859,1.0768191668602387,1.015352628520234,0.9500230265241093,0.9562173454540228,0.96332464915006,0.9236758560333171,0.8719871654173992,0.9734496154295318,0.9471516592937942,-1.0,-1.0,-1.0,-1.0,-1.0,-1.0,-1.0,0.8076163436934339,0.4593738296531571,0.9487663749999999,-1.0,0.9578540205302534
O,-1.0,-1.0,-1.0,-1.0,-1.0,-1.0,-1.0,-1.0,-1.0,-1.0,-1.0,-1.0,-1.0,-1.0,-1.0,-1.0,-1.0,-1.0,-1.0,-1.0,-1.0,-1.0,-1.0,-1.0,-1.0,-1.0,-1.0,-1.0,-1.0,-1.0,-1.0,-1.0,-1.0,-1.0,-1.0,-1.0,-1.0,-1.0,-1.0,-1.0,-1.0,-1.0,-1.0,-1.0,-1.0,-1.0,-1.0,-1.0,-1.0,-1.0,-1.0,-1.0,-1.0,-1.0,-1.0,-1.0,-1.0,-1.0,-1.0,-1.0,-1.0,-1.0,-1.0,-1.0,-1.0,-1.0,-1.0,-1.0,-1.0,-1.0,-1.0,-1.0,-1.0,-1.0,-1.0,-1.0,-1.0,-1.0,-1.0,-1.0,-1.0,-1.0,-1.0
F,-1.0,-1.0,-1.0,-1.0,-1.0,-1.0,0.9509468004905318,-1.0,-1.0,-1.0,-1.0,-1.0,-1.0,-1.0,-1.0,-1.0,-1.0,-1.0,-1.0,-1.0,0.9683001055356778,-1.0,-1.0,-1.0,-1.0,-1.0,-1.0,-1.0,-1.0,-1.0,-1.0,-1.0,-1.0,-1.0,-1.0,-1.0,-1.0,-1.0,0.7567441158132826,-1.0,-1.0,-1.0,-1.0,-1.0,-1.0,-1.0,-1.0,-1.0,0.5587521647496475,-1.0,-1.0,-1.0,-1.0,-1.0,-1.0,-1.0,0.7212113334370963,-1.0,0.681308350659547,0.6365872368166361,-1.0,0.7055559887379078,0.901154647173998,0.6332194302929298,0.6137094512972393,0.6141336198601846,0.6777668963876263,0.6659930969816051,0.6672526219224822,-1.0,0.42925236847926973,-1.0,-1.0,-1.0,-1.0,-1.0,-1.0,-1.0,-1.0,-1.0,-1.0,-1.0,0.919815045246294
Ne,-1.0,-1.0,-1.0,-1.0,-1.0,-1.0,-1.0,-1.0,-1.0,-1.0,-1.0,-1.0,-1.0,-1.0,-1.0,-1.0,-1.0,-1.0,-1.0,-1.0,-1.0,-1.0,-1.0,-1.0,-1.0,-1.0,-1.0,-1.0,-1.0,-1.0,-1.0,-1.0,-1.0,-1.0,-1.0,-1.0,-1.0,-1.0,-1.0,-1.0,-1.0,-1.0,-1.0,-1.0,-1.0,-1.0,-1.0,-1.0,-1.0,-1.0,-1.0,-1.0,-1.0,-1.0,-1.0,-1.0,-1.0,-1.0,-1.0,-1.0,-1.0,-1.0,-1.0,-1.0,-1.0,-1.0,-1.0,-1.0,-1.0,-1.0,-1.0,-1.0,-1.0,-1.0,-1.0,-1.0,-1.0,-1.0,-1.0,-1.0,-1.0,-1.0,-1.0
Na,-1.0,-1.0,-1.0,-1.0,0.5980683457615005,0.44210613125,0.7899676341666705,-1.0,-1.0,-1.0,-1.0,-1.0,0.5906795286053155,-1.0,-1.0,-1.0,-1.0,-1.0,-1.0,-1.0,0.3846902439874259,0.37318342649999997,0.47557011250000003,0.4930523781103922,0.60952594375,0.7082232336814558,0.781235879,0.459761005,0.6754432364554844,-1.0,0.37001110925,-1.0,-1.0,-1.0,-1.0,-1.0,-1.0,-1.0,0.4979508431405586,-1.0,0.451944895,0.5463380525000001,-1.0,-1.0,0.52615887375,-1.0,-1.0,-1.0,0.5050264984159635,-1.0,-1.0,-1.0,-1.0,-1.0,-1.0,-1.0,0.4252244867336199,-1.0,0.6405822925,0.5263133289556613,-1.0,-1.0,-1.0,0.5990008760082084,0.4417117475,0.7104274766175604,0.6909818295193664,0.6643593633333333,-1.0,-1.0,-1.0,-1.0,-1.0,-1.0,-1.0,-1.0,-1.0,-1.0,0.4158047881828329,-1.0,0.38368815,-1.0,0.7160876304166667
Mg,-1.0,-1.0,-1.0,-1.0,0.5535689493376629,-1.0,-1.0,-1.0,-1.0,-1.0,-1.0,-1.0,0.40280774941314323,-1.0,-1.0,-1.0,-1.0,-1.0,-1.0,-1.0,-1.0,-1.0,-1.0,-1.0,-1.0,0.238048240922124,-1.0,-1.0,-1.0,-1.0,-1.0,-1.0,-1.0,-1.0,-1.0,-1.0,-1.0,-1.0,-1.0,-1.0,-1.0,-1.0,-1.0,-1.0,-1.0,-1.0,-1.0,-1.0,0.5538566146371532,-1.0,-1.0,-1.0,-1.0,-1.0,-1.0,-1.0,0.38207215800000005,-1.0,-1.0,-1.0,-1.0,-1.0,-1.0,-1.0,-1.0,-1.0,-1.0,-1.0,-1.0,-1.0,-1.0,-1.0,-1.0,-1.0,-1.0,-1.0,-1.0,-1.0,-1.0,-1.0,-1.0,-1.0,-1.0
Al,0.8739956074999999,-1.0,0.7812797170263089,-1.0,0.6409326374655501,0.668045585297524,0.7919581100012906,-1.0,-1.0,-1.0,0.5906795286053155,0.40280774941314323,-1.0,-1.0,0.6994005597083307,-1.0,0.1404054743837808,-1.0,0.6264425803988485,0.5972882899607559,0.4927919566242154,0.47507120408214426,0.42014886390476935,0.3372683368711645,0.43911533602011193,0.326867697235408,0.3762527188865946,0.36370492625780815,0.6798143492857144,0.23110264853442614,0.27542945463390067,-1.0,0.9457930429595667,-1.0,-1.0,-1.0,0.7967899499275821,1.030004384,0.5383984540338413,-1.0,0.7706317913468143,0.7554608862500001,-1.0,0.6368852014999999,0.4655077848575687,0.6013920849163293,0.7817001602500001,0.469988315801773,0.5255354618393019,-1.0,0.8564041994091515,-1.0,0.6314202129969154,-1.0,1.2329484705227391,1.0476147894632564,0.7481408440145786,0.7173508488399825,0.6470650651308693,0.6757682012471339,-1.0,0.5818312878128209,0.7876082853784494,0.6395212839540187,0.48173185270903995,0.6343651059326169,0.5690221423100751,0.6425603217450472,0.6500672604247677,0.6753315326543474,0.6716790181474378,-1.0,0.7896215318880312,1.0923374307880422,-1.0,-1.0,-1.0,0.6784060910130348,0.7544179979597956,-1.0,0.6493264866435606,1.0561386400000001,0.8553148600015895
Si,-1.0,-1.0,-1.0,-1.0,0.21382544078272925,-1.0,-1.0,-1.0,-1.0,-1.0,-1.0,-1.0,-1.0,-1.0,-1.0,-1.0,-1.0,-1.0,-1.0,-1.0,0.1766825067755514,-1.0,-1.0,-1.0,-1.0,0.4117054648716276,-1.0,-1.0,-1.0,-1.0,-1.0,-1.0,-1.0,-1.0,-1.0,-1.0,-1.0,-1.0,-1.0,-1.0,-1.0,-1.0,-1.0,-1.0,-1.0,-1.0,-1.0,-1.0,0.3561563181976686,-1.0,-1.0,-1.0,-1.0,-1.0,-1.0,-1.0,0.2482833002566283,-1.0,-1.0,-1.0,-1.0,0.408086427552557,-1.0,0.40709650114378404,-1.0,-1.0,-1.0,0.4778847288575163,-1.0,-1.0,-1.0,-1.0,-1.0,-1.0,-1.0,-1.0,-1.0,-1.0,-1.0,-1.0,-1.0,-1.0,-1.0
P,-1.0,-1.0,-1.0,-1.0,0.5398216396100751,-1.0,0.4256486829155976,-1.0,-1.0,-1.0,-1.0,-1.0,0.6994005597083307,-1.0,-1.0,-1.0,-1.0,-1.0,-1.0,-1.0,0.43843209304452085,1.3985569100000002,-1.0,0.8191318928066358,-1.0,0.42308168150163433,-1.0,-1.0,-1.0,-1.0,0.8182291498915804,-1.0,0.4323888700000001,-1.0,-1.0,-1.0,-1.0,-1.0,0.4649588014118297,-1.0,-1.0,-1.0,-1.0,-1.0,-1.0,-1.0,0.964810483,-1.0,0.3217915573281224,-1.0,0.4591341012497263,-1.0,-1.0,-1.0,-1.0,-1.0,0.5472394260082465,0.45166895115024736,0.5516297603424966,0.5859949305552432,-1.0,0.5201110731036203,0.5887668153443347,0.5296288521200911,0.44077135550572927,0.3953023020224713,0.4538931330884896,0.4917190702825722,0.4522918837699695,0.48854052256702585,0.4916954966487758,-1.0,-1.0,-1.0,-1.0,-1.0,-1.0,-1.0,0.613664742927186,-1.0,0.7155255443859424,0.800973927,0.5164063385134554
S,-1.0,-1.0,-1.0,-1.0,-1.0,-1.0,-1.0,-1.0,-1.0,-1.0,-1.0,-1.0,-1.0,-1.0,-1.0,-1.0,-1.0,-1.0,-1.0,-1.0,-1.0,-1.0,-1.0,-1.0,-1.0,0.34808693875157204,-1.0,-1.0,-1.0,-1.0,-1.0,-1.0,-1.0,-1.0,-1.0,-1.0,-1.0,-1.0,0.42604076719347017,-1.0,-1.0,-1.0,-1.0,-1.0,-1.0,-1.0,-1.0,-1.0,-1.0,-1.0,-1.0,-1.0,-1.0,-1.0,-1.0,-1.0,0.6084644959166764,-1.0,-1.0,-1.0,-1.0,-1.0,-1.0,0.5108422940688682,-1.0,-1.0,-1.0,-1.0,-1.0,-1.0,-1.0,-1.0,-1.0,-1.0,-1.0,-1.0,-1.0,-1.0,-1.0,-1.0,-1.0,-1.0,-1.0
Cl,-1.0,-1.0,-1.0,-1.0,-1.0,-1.0,0.6703868666294646,-1.0,-1.0,-1.0,-1.0,-1.0,0.1404054743837808,-1.0,-1.0,-1.0,-1.0,-1.0,-1.0,-1.0,-1.0,0.1556535217767981,0.207942497920575,0.303158586968414,-1.0,0.18609072248906008,-1.0,-1.0,-1.0,-1.0,-1.0,-1.0,-1.0,-1.0,-1.0,-1.0,-1.0,-1.0,0.12314887249999999,-1.0,-1.0,-1.0,-1.0,-1.0,-1.0,-1.0,-1.0,-1.0,0.1877584987929018,-1.0,0.13176315,-1.0,-1.0,-1.0,-1.0,-1.0,0.2458625351768681,-1.0,0.3750181421907584,0.35685626880671184,-1.0,0.36443365363121655,0.3472668623519801,0.35487043880806174,0.2539890574842945,0.26630895578985464,0.2789819710680827,0.3127247169754068,0.2683006880416238,0.38479964710996717,0.22020260706179634,-1.0,-1.0,-1.0,-1.0,-1.0,-1.0,-1.0,-1.0,0.3010410489959225,-1.0,-1.0,0.27440899621373405
Ar,-1.0,-1.0,-1.0,-1.0,-1.0,-1.0,-1.0,-1.0,-1.0,-1.0,-1.0,-1.0,-1.0,-1.0,-1.0,-1.0,-1.0,-1.0,-1.0,-1.0,-1.0,-1.0,-1.0,-1.0,-1.0,-1.0,-1.0,-1.0,-1.0,-1.0,-1.0,-1.0,-1.0,-1.0,-1.0,-1.0,-1.0,-1.0,-1.0,-1.0,-1.0,-1.0,-1.0,-1.0,-1.0,-1.0,-1.0,-1.0,-1.0,-1.0,-1.0,-1.0,-1.0,-1.0,-1.0,-1.0,-1.0,-1.0,-1.0,-1.0,-1.0,-1.0,-1.0,-1.0,-1.0,-1.0,-1.0,-1.0,-1.0,-1.0,-1.0,-1.0,-1.0,-1.0,-1.0,-1.0,-1.0,-1.0,-1.0,-1.0,-1.0,-1.0,-1.0
K,-1.0,-1.0,-1.0,-1.0,0.43802786030238483,0.5335877710277586,0.5249161815750275,-1.0,-1.0,-1.0,-1.0,-1.0,0.6264425803988485,-1.0,-1.0,-1.0,-1.0,-1.0,-1.0,-1.0,-1.0,-1.0,-1.0,0.6899297339144637,-1.0,0.8043090926665619,0.9044251262499999,-1.0,0.81502798125,-1.0,1.1361102774999998,-1.0,-1.0,-1.0,-1.0,-1.0,-1.0,-1.0,-1.0,-1.0,-1.0,-1.0,-1.0,-1.0,1.0548123925000001,-1.0,-1.0,-1.0,0.9424406385826657,-1.0,0.5990318677301862,-1.0,-1.0,-1.0,-1.0,-1.0,-1.0,-1.0,-1.0,-1.0,-1.0,-1.0,-1.0,0.4846152770566416,-1.0,0.5846952140203812,0.49267392315713976,0.6148318791677542,-1.0,-1.0,-1.0,-1.0,-1.0,-1.0,-1.0,-1.0,-1.0,-1.0,0.23607078425905922,-1.0,-1.0,-1.0,0.49977901633392263
Ca,-1.0,-1.0,-1.0,-1.0,0.4340642970263819,-1.0,-1.0,-1.0,-1.0,-1.0,-1.0,-1.0,0.5972882899607559,-1.0,-1.0,-1.0,-1.0,-1.0,-1.0,-1.0,-1.0,-1.0,-1.0,-1.0,-1.0,-1.0,-1.0,-1.0,-1.0,-1.0,-1.0,-1.0,-1.0,-1.0,-1.0,-1.0,-1.0,-1.0,-1.0,-1.0,-1.0,-1.0,-1.0,-1.0,-1.0,-1.0,-1.0,-1.0,-1.0,-1.0,-1.0,-1.0,-1.0,-1.0,-1.0,-1.0,-1.0,-1.0,-1.0,-1.0,-1.0,-1.0,-1.0,-1.0,-1.0,-1.0,-1.0,-1.0,-1.0,-1.0,-1.0,-1.0,-1.0,-1.0,-1.0,-1.0,-1.0,-1.0,-1.0,-1.0,-1.0,-1.0,0.555071289
Sc,-1.0,-1.0,0.815092155,-1.0,0.6164115334945831,0.7878371662695877,0.8837710256214046,-1.0,0.9683001055356778,-1.0,0.3846902439874259,-1.0,0.4927919566242154,0.1766825067755514,0.43843209304452085,-1.0,-1.0,-1.0,-1.0,-1.0,-1.0,0.23344518848315596,0.2542662996418979,0.3305471429289664,0.3010863429378936,0.2757375433021851,0.41603099692398054,0.35329350483924454,0.7085396275316516,-1.0,0.3420865791384871,-1.0,0.7250642167728432,0.5367670674293522,-1.0,-1.0,0.6792589583333334,0.740470688,0.3075799453209297,-1.0,0.4333502407640263,0.2045268351505415,-1.0,0.14457926200000001,0.20533568985059641,0.150501512,0.660358983125,-1.0,0.20609821161862385,-1.0,0.6327454685607977,0.6556864629539281,0.682105327708968,-1.0,-1.0,-1.0,0.46568880380104394,0.5940105875668065,0.40762740897989747,0.4291932865922547,-1.0,0.3737080031324413,0.5259522343235061,0.3842299339796479,0.31088354310564276,0.35480713121004626,0.3062406898433488,0.3510176829925097,0.2906402626454726,0.3527677423833808,0.26669234397331415,-1.0,0.3806877913041582,-1.0,-1.0,-1.0,-1.0,0.6456092634325024,0.8134288649489054,-1.0,0.4047808256346669,-1.0,0.5372501128803036
Ti,-1.0,-1.0,-1.0,-1.0,0.5740446962765313,0.8079832017174144,0.9806089603397501,-1.0,-1.0,-1.0,0.37318342649999997,-1.0,0.47507120408214426,-1.0,1.3985569100000002,-1.0,0.1556535217767981,-1.0,-1.0,-1.0,0.23344518848315596,-1.0,0.13751558109523893,0.18245409114677094,0.20184850846749142,0.19195167570952104,0.2929428231355507,0.25532962899999995,0.4108998478333333,-1.0,0.3160514886810662,-1.0,0.7956167645599951,-1.0,-1.0,-1.0,-1.0,-1.0,0.30470803442314925,-1.0,0.5152185280983278,0.27385107488465343,-1.0,0.18797677000000002,0.1636193081131306,0.20718198000000002,0.671225161,-1.0,0.2769140905203235,-1.0,0.5919070678854843,-1.0,1.00147283,-1.0,-1.0,-1.0,0.47064274275373197,0.7715558115952608,0.7514232294604594,0.4006621202000502,-1.0,0.34581863649222355,0.4368828407025831,0.33731138389028387,0.3772880566034255,0.371384944577899,0.43826892483611934,0.35752960215579366,0.2429169658407803,0.49667302814234926,0.3172775688718641,-1.0,-1.0,-1.0,-1.0,-1.0,-1.0,0.7308941699280465,0.7296890752030758,-1.0,0.4494299537705995,1.06771999,0.7494279999129646
V,-1.0,-1.0,-1.0,-1.0,0.6089136267555022,0.7775285558080711,0.9808538503622982,-1.0,-1.0,-1.0,0.47557011250000003,-1.0,0.42014886390476935,-1.0,-1.0,-1.0,0.207942497920575,-1.0,-1.0,-1.0,0.2542662996418979,0.13751558109523893,-1.0,0.14593817003032342,0.20265614063945675,0.19054769642762376,0.2154762452373248,0.186477424375,0.37522414733333337,-1.0,0.19558052857047625,-1.0,0.6755457594997587,0.6508369480687918,-1.0,-1.0,-1.0,-1.0,0.2763120701145824,-1.0,0.523627241404628,0.2674030768292522,-1.0,0.25874903669644,0.14007518830205243,0.25609397850000004,-1.0,-1.0,0.34052807576415256,-1.0,0.7433870777341568,0.7473896320394212,1.0214387300000003,-1.0,-1.0,-1.0,0.4648630696601282,0.5514726672577502,0.40889203512794237,0.3813139569182135,-1.0,0.3407521709340289,0.5648473414845132,0.3424253608400541,0.2509839555946723,0.2729381747350538,0.29545321342335384,0.28283951111393885,0.2361573973845337,0.4417336673833258,0.2840337962058176,-1.0,-1.0,-1.0,-1.0,-1.0,-1.0,0.7566243974232745,0.7687935040481783,-1.0,0.5199847434696233,-1.0,0.5426757374544249
Cr,0.9028747556250001,-1.0,0.73370725425,-1.0,0.6404927086730646,0.7574873809934918,0.9677896749710463,-1.0,-1.0,-1.0,0.4930523781103922,-1.0,0.3372683368711645,-1.0,0.8191318928066358,-1.0,0.303158586968414,-1.0,0.6899297339144637,-1.0,0.3305471429289664,0.18245409114677094,0.14593817003032342,-1.0,0.25279726316432466,0.1757977808918641,0.21596101777557294,0.16472656285401477,0.5192075501666668,-1.0,0.216098488355154,-1.0,0.9490491926969096,0.563947209212742,-1.0,-1.0,0.5890028783799065,0.953202202,0.3943159285180612,-1.0,0.5297979028928376,0.29281840497887585,-1.0,0.25988500183333335,0.18317750455886117,0.286973574,0.7202969472499999,-1.0,0.37445352230974827,-1.0,0.8842691770625245,0.7395298505980058,1.078088924,-1.0,1.62520012,-1.0,0.6228778175875201,0.7396454520721713,0.5658424447081165,0.5431803036213605,-1.0,0.4452418668836902,0.7135378843264537,0.5080573791615773,0.3458221481194121,0.4262965120902793,0.39912578438128204,0.4267387602730108,0.3235544580393334,0.5319915078237766,0.3618694433249219,-1.0,-1.0,-1.0,-1.0,-1.0,-1.0,0.8003803904427301,0.8026448253359102,-1.0,0.5412235904766004,0.927809766,0.7094394557036685
Mn,0.66610738375,-1.0,-1.0,-1.0,0.497676048652266,0.6845662693688666,0.7190198415501649,-1.0,-1.0,-1.0,0.60952594375,-1.0,0.43911533602011193,-1.0,-1.0,-1.0,-1.0,-1.0,-1.0,-1.0,0.3010863429378936,0.20184850846749142,0.20265614063945675,0.25279726316432466,-1.0,0.19547240599364588,0.2952396695241966,0.2364666594289078,0.3789248417352425,-1.0,0.27522725959575217,-1.0,0.6523406325575763,-1.0,-1.0,-1.0,1.1928227206459185,0.3765392066630735,0.3328715548959796,-1.0,0.4503264170640365,0.349110115,-1.0,0.319264584,0.3014371067637331,-1.0,-1.0,-1.0,0.446995004183271,-1.0,0.7682131505533153,-1.0,-1.0,-1.0,-1.0,-1.0,0.4962710939819494,0.5224928385083387,0.3711930888698147,0.3616818471173574,-1.0,0.30981007343747435,0.6140539578906403,0.3257658039931792,0.6284942296611392,0.4240893060259812,0.32049616317990337,0.3781874515944881,0.25882539535584004,0.5371283009429052,0.3267658437997069,-1.0,-1.0,-1.0,-1.0,-1.0,-1.0,0.7123647578513926,0.7684778500369864,-1.0,0.5598570935589167,-1.0,0.5230466331738066
Fe,0.8267436328125,-1.0,0.7774581888967256,-1.0,0.5901556479724585,0.7617121406042808,0.7625227465170159,-1.0,-1.0,-1.0,0.7082232336814558,0.238048240922124,0.326867697235408,0.4117054648716276,0.42308168150163433,0.34808693875157204,0.18609072248906008,-1.0,0.8043090926665619,-1.0,0.2757375433021851,0.19195167570952104,0.19054769642762376,0.1757977808918641,0.19547240599364588,-1.0,0.30510731453085405,0.22660289651927634,0.6679335731514231,0.11990051986218181,0.17342131297009783,-1.0,0.6695514426671402,0.35438478648526844,-1.0,-1.0,0.6137605174311215,0.9075110040000001,0.372869632218543,-1.0,0.5549496790444153,0.5003951069874146,-1.0,0.46695767591666665,0.20498475001219654,0.2055140775,-1.0,-1.0,0.44313010495784083,-1.0,0.7294866653950418,0.4571466308073397,0.9651523220000001,-1.0,-1.0,-1.0,0.5901655674372893,0.7319806375374209,0.5122828014163235,0.48198683007083987,-1.0,0.40702664975883274,0.5846624586964845,0.5090564474434105,0.3770196696759995,0.5084314559210561,0.38253503493995794,0.4509039717156136,0.32055584703701784,0.46372812052520807,0.39094128817902646,-1.0,-1.0,0.37375350926859263,-1.0,-1.0,-1.0,0.7459480625503253,0.5477974415264522,-1.0,0.37435509053529237,-1.0,0.569735660606079
Co,0.7305765,-1.0,1.0225456415625,-1.0,0.614438480478996,0.7802408170119415,0.87186696890625,-1.0,-1.0,-1.0,0.781235879,-1.0,0.3762527188865946,-1.0,-1.0,-1.0,-1.0,-1.0,0.9044251262499999,-1.0,0.41603099692398054,0.2929428231355507,0.2154762452373248,0.21596101777557294,0.2952396695241966,0.30510731453085405,-1.0,0.12271626718383284,0.5379898714265102,-1.0,0.39484745742923266,-1.0,0.74874146275,-1.0,-1.0,-1.0,-1.0,-1.0,0.37126791634775536,-1.0,0.6034551609215364,0.45579895875,-1.0,0.36865704866666665,0.3120993228771773,0.359931518,-1.0,-1.0,0.4752252924640701,-1.0,0.6752203972266092,-1.0,1.0739348780000002,-1.0,1.4688308578124998,-1.0,0.6136427492716441,0.752528148627009,0.5022420791213462,0.483992689841514,-1.0,0.3732028679510665,0.44477912411594783,0.7067229077385232,0.3498648675655668,0.5252920884004484,0.3705275433570412,0.5320287215079208,0.33254953442811713,0.5817156677127153,0.4312206831095293,-1.0,-1.0,-1.0,-1.0,-1.0,-1.0,0.9093950036564918,0.8386886601216504,-1.0,0.6150170037679492,-1.0,0.6816284384216957
Ni,-1.0,-1.0,-1.0,-1.0,0.6388978216737203,0.6741925125000001,0.8859116312499999,-1.0,-1.0,-1.0,0.459761005,-1.0,0.36370492625780815,-1.0,-1.0,-1.0,-1.0,-1.0,-1.0,-1.0,0.35329350483924454,0.25532962899999995,0.186477424375,0.16472656285401477,0.2364666594289078,0.22660289651927634,0.12271626718383284,-1.0,0.3492427570383024,-1.0,0.3870706953333333,-1.0,0.740757756,-1.0,-1.0,-1.0,-1.0,-1.0,0.29234559151190476,-1.0,0.4978891075,0.41182859375,-1.0,0.3775264483333334,0.2397104577136924,0.431495918,0.71947207,-1.0,0.45279460216666667,-1.0,-1.0,-1.0,1.1954470640000001,-1.0,-1.0,-1.0,0.5446194804166667,0.6414788995,0.38017111757500005,0.3218319857500001,-1.0,0.25935028840625,-1.0,0.2960445750555556,0.6470888493333334,0.2970806653125,0.24564745709090907,0.31931156625,0.2722775304375,0.5668632412500001,0.31646705993333335,-1.0,-1.0,-1.0,-1.0,-1.0,-1.0,-1.0,0.9224917658233918,-1.0,0.6471845812500001,-1.0,0.4614458759583335
Cu,-1.0,-1.0,1.1847837658333333,-1.0,0.5823429348188817,0.659717086875,0.7565178789562785,-1.0,-1.0,-1.0,0.6754432364554844,-1.0,0.6798143492857144,-1.0,-1.0,-1.0,-1.0,-1.0,0.81502798125,-1.0,0.7085396275316516,0.4108998478333333,0.37522414733333337,0.5192075501666668,0.3789248417352425,0.6679335731514231,0.5379898714265102,0.3492427570383024,-1.0,-1.0,0.7548874910365954,-1.0,0.6876034723333334,-1.0,-1.0,-1.0,0.90780978,-1.0,0.7304728266345836,-1.0,0.42998317750000004,0.4540641125,-1.0,0.40526523325,0.6213473798571428,0.41800824599999997,0.8214080150972917,-1.0,0.5505798158014737,-1.0,0.49562928999999994,-1.0,1.177827856,-1.0,-1.0,-1.0,0.6220538579086842,0.682705725,0.8274027986363636,0.8314223623580221,-1.0,0.8600361558333333,0.8017548374999999,0.6925484433333334,0.5790212662499999,0.74013702875,0.7346148221666667,0.6585668519103011,0.7752384157500001,0.6867287141666667,0.5268625035472305,-1.0,-1.0,-1.0,-1.0,-1.0,-1.0,-1.0,0.6220652313291353,-1.0,0.7879758037147528,-1.0,0.6029801877752504
Zn,-1.0,-1.0,-1.0,-1.0,0.6073411576492875,-1.0,-1.0,-1.0,-1.0,-1.0,-1.0,-1.0,0.23110264853442614,-1.0,-1.0,-1.0,-1.0,-1.0,-1.0,-1.0,-1.0,-1.0,-1.0,-1.0,-1.0,0.11990051986218181,-1.0,-1.0,-1.0,-1.0,-1.0,-1.0,-1.0,-1.0,-1.0,-1.0,-1.0,-1.0,0.6532728726488279,-1.0,-1.0,-1.0,-1.0,-1.0,-1.0,-1.0,-1.0,-1.0,0.5609858509231399,-1.0,-1.0,-1.0,-1.0,-1.0,-1.0,-1.0,0.12821183749999998,0.62462621,0.5800847925,0.22614708083333335,-1.0,-1.0,-1.0,-1.0,-1.0,-1.0,-1.0,-1.0,-1.0,-1.0,-1.0,-1.0,-1.0,-1.0,-1.0,-1.0,-1.0,-1.0,-1.0,-1.0,-1.0,-1.0,-1.0
Ga,0.8561665624999999,-1.0,0.677483078478662,-1.0,0.5392390587705413,0.6993776942705341,0.6740099596152449,-1.0,-1.0,-1.0,0.37001110925,-1.0,0.27542945463390067,-1.0,0.8182291498915804,-1.0,-1.0,-1.0,1.1361102774999998,-1.0,0.3420865791384871,0.3160514886810662,0.19558052857047625,0.216098488355154,0.27522725959575217,0.17342131297009783,0.39484745742923266,0.3870706953333333,0.7548874910365954,-1.0,-1.0,-1.0,0.7212966274328468,-1.0,-1.0,-1.0,1.4019124625,0.5868171450042847,0.2985769248765167,-1.0,0.747262491164987,0.9371191299999999,-1.0,0.282553038,0.3774535743690882,0.4843712691136484,0.6953735400000001,-1.0,0.44095726127774476,-1.0,0.6514341934155021,-1.0,1.024914724,-1.0,-1.0,-1.0,0.4939080237290654,0.702803670137673,0.39149528614291185,0.36324020915921423,-1.0,0.34476592788595106,0.5076070492276702,0.38747699423516113,0.2584017786326376,0.39483254590992495,0.32342094006703037,0.45717027894606105,0.5066993654336683,0.6475447824197109,0.48499621772879764,-1.0,0.14357654600000003,-1.0,-1.0,-1.0,-1.0,0.6675021404966477,0.4872496545572159,-1.0,0.48399863247555486,0.7121226611465504,0.6903251424813226
Ge,-1.0,-1.0,-1.0,-1.0,-1.0,-1.0,-1.0,-1.0,-1.0,-1.0,-1.0,-1.0,-1.0,-1.0,-1.0,-1.0,-1.0,-1.0,-1.0,-1.0,-1.0,-1.0,-1.0,-1.0,-1.0,-1.0,-1.0,-1.0,-1.0,-1.0,-1.0,-1.0,-1.0,-1.0,-1.0,-1.0,-1.0,-1.0,-1.0,-1.0,-1.0,-1.0,-1.0,-1.0,-1.0,-1.0,-1.0,-1.0,-1.0,-1.0,-1.0,-1.0,-1.0,-1.0,-1.0,-1.0,-1.0,-1.0,-1.0,-1.0,-1.0,-1.0,-1.0,-1.0,-1.0,-1.0,-1.0,-1.0,-1.0,-1.0,-1.0,-1.0,-1.0,-1.0,-1.0,-1.0,-1.0,-1.0,-1.0,-1.0,-1.0,-1.0,-1.0
As,-1.0,-1.0,-1.0,-1.0,0.7869049274302817,0.7594024504699542,0.66521662,-1.0,-1.0,-1.0,-1.0,-1.0,0.9457930429595667,-1.0,0.4323888700000001,-1.0,-1.0,-1.0,-1.0,-1.0,0.7250642167728432,0.7956167645599951,0.6755457594997587,0.9490491926969096,0.6523406325575763,0.6695514426671402,0.74874146275,0.740757756,0.6876034723333334,-1.0,0.7212966274328468,-1.0,-1.0,-1.0,-1.0,-1.0,0.256795945,-1.0,0.6511089961569172,-1.0,-1.0,-1.0,-1.0,0.55991247,0.6624745380347644,0.6668006277110753,0.794131247,-1.0,0.5540701363785545,-1.0,0.5624257663719562,-1.0,0.723497846,-1.0,-1.0,-1.0,0.6801774136731259,0.6497503329604706,0.6075990573485682,0.6320895238050627,-1.0,0.634061560778704,0.6407097987270978,0.6374407561486767,0.5977567256262868,0.6626536572095834,0.6513700022497398,0.6805018457704833,0.6755287580573522,0.7529396526532462,0.6643700306574349,-1.0,-1.0,-1.0,-1.0,-1.0,-1.0,0.6537298247825459,0.6479919177326801,-1.0,0.6104981229109949,0.602577765,0.6084181047473558
Se,-1.0,-1.0,-1.0,-1.0,-1.0,-1.0,-1.0,-1.0,-1.0,-1.0,-1.0,-1.0,-1.0,-1.0,-1.0,-1.0,-1.0,-1.0,-1.0,-1.0,0.5367670674293522,-1.0,0.6508369480687918,0.563947209212742,-1.0,0.35438478648526844,-1.0,-1.0,-1.0,-1.0,-1.0,-1.0,-1.0,-1.0,-1.0,-1.0,-1.0,-1.0,0.6540139333048811,-1.0,-1.0,-1.0,-1.0,-1.0,-1.0,-1.0,-1.0,-1.0,0.48343164554665835,-1.0,0.6119383850799434,0.4764553589092666,-1.0,-1.0,-1.0,-1.0,0.6843413092809636,0.6006253021825234,0.44823064448081973,0.6355844887491069,-1.0,0.6721333263827268,0.6761227646217549,0.5523229268986477,0.559579123955451,0.5535275605012846,0.645545506000439,0.639966357734678,0.5410772129772716,0.5378945552815813,0.6370187114935993,-1.0,-1.0,-1.0,-1.0,-1.0,-1.0,-1.0,-1.0,-1.0,-1.0,-1.0,0.6727228923584342
Br,-1.0,-1.0,-1.0,-1.0,1.2673643680000002,-1.0,-1.0,-1.0,-1.0,-1.0,-1.0,-1.0,-1.0,-1.0,-1.0,-1.0,-1.0,-1.0,-1.0,-1.0,-1.0,-1.0,-1.0,-1.0,-1.0,-1.0,-1.0,-1.0,-1.0,-1.0,-1.0,-1.0,-1.0,-1.0,-1.0,-1.0,-1.0,-1.0,-1.0,-1.0,-1.0,-1.0,-1.0,-1.0,-1.0,-1.0,-1.0,-1.0,-1.0,-1.0,-1.0,-1.0,-1.0,-1.0,-1.0,-1.0,-1.0,-1.0,-1.0,-1.0,-1.0,-1.0,-1.0,-1.0,-1.0,-1.0,-1.0,-1.0,-1.0,-1.0,-1.0,-1.0,-1.0,-1.0,-1.0,-1.0,-1.0,-1.0,-1.0,-1.0,0.8652227516948985,-1.0,-1.0
Kr,-1.0,-1.0,-1.0,-1.0,-1.0,-1.0,-1.0,-1.0,-1.0,-1.0,-1.0,-1.0,-1.0,-1.0,-1.0,-1.0,-1.0,-1.0,-1.0,-1.0,-1.0,-1.0,-1.0,-1.0,-1.0,-1.0,-1.0,-1.0,-1.0,-1.0,-1.0,-1.0,-1.0,-1.0,-1.0,-1.0,-1.0,-1.0,-1.0,-1.0,-1.0,-1.0,-1.0,-1.0,-1.0,-1.0,-1.0,-1.0,-1.0,-1.0,-1.0,-1.0,-1.0,-1.0,-1.0,-1.0,-1.0,-1.0,-1.0,-1.0,-1.0,-1.0,-1.0,-1.0,-1.0,-1.0,-1.0,-1.0,-1.0,-1.0,-1.0,-1.0,-1.0,-1.0,-1.0,-1.0,-1.0,-1.0,-1.0,-1.0,-1.0,-1.0,-1.0
Rb,-1.0,-1.0,-1.0,-1.0,0.4531084393040013,0.4879404383251929,-1.0,-1.0,-1.0,-1.0,-1.0,-1.0,0.7967899499275821,-1.0,-1.0,-1.0,-1.0,-1.0,-1.0,-1.0,0.6792589583333334,-1.0,-1.0,0.5890028783799065,1.1928227206459185,0.6137605174311215,-1.0,-1.0,0.90780978,-1.0,1.4019124625,-1.0,0.256795945,-1.0,-1.0,-1.0,-1.0,-1.0,0.5914869404166666,-1.0,-1.0,-1.0,-1.0,-1.0,1.31021739,-1.0,-1.0,-1.0,0.8918679860153181,-1.0,0.3561145832974959,-1.0,-1.0,-1.0,-1.0,-1.0,0.580336338036154,-1.0,0.7821791174999999,0.5900279235112559,-1.0,0.7623320787499999,-1.0,0.6175112386065504,-1.0,0.92226025,0.8281577324999999,0.7593555112500001,-1.0,0.91123751,0.5892207549999999,-1.0,-1.0,-1.0,-1.0,-1.0,-1.0,-1.0,0.4654787424352882,-1.0,0.5903954333333333,-1.0,0.621526703125
Sr,-1.0,-1.0,-1.0,-1.0,0.5407402158853645,-1.0,-1.0,-1.0,-1.0,-1.0,-1.0,-1.0,1.030004384,-1.0,-1.0,-1.0,-1.0,-1.0,-1.0,-1.0,0.740470688,-1.0,-1.0,0.953202202,0.3765392066630735,0.9075110040000001,-1.0,-1.0,-1.0,-1.0,0.5868171450042847,-1.0,-1.0,-1.0,-1.0,-1.0,-1.0,-1.0,-1.0,-1.0,-1.0,-1.0,-1.0,-1.0,-1.0,-1.0,-1.0,-1.0,0.5079274079227132,-1.0,-1.0,-1.0,-1.0,-1.0,-1.0,-1.0,0.4199282614656583,0.547772108,0.4387333194328812,0.4821362757617184,-1.0,0.48216964800000006,0.46663879300000005,-1.0,-1.0,0.561598649,-1.0,-1.0,-1.0,-1.0,0.6077072920000001,-1.0,-1.0,-1.0,-1.0,-1.0,-1.0,-1.0,-1.0,-1.0,-1.0,-1.0,0.3295088598583393
Y,0.9498846452499998,-1.0,0.5576033107802544,-1.0,0.7417000342960929,0.8338478994586391,0.947285791628817,-1.0,0.7567441158132826,-1.0,0.4979508431405586,-1.0,0.5383984540338413,-1.0,0.4649588014118297,0.42604076719347017,0.12314887249999999,-1.0,-1.0,-1.0,0.3075799453209297,0.30470803442314925,0.2763120701145824,0.3943159285180612,0.3328715548959796,0.372869632218543,0.37126791634775536,0.29234559151190476,0.7304728266345836,0.6532728726488279,0.2985769248765167,-1.0,0.6511089961569172,0.6540139333048811,-1.0,-1.0,0.5914869404166666,-1.0,-1.0,-1.0,0.36979144336773917,0.3947735291352672,-1.0,0.16568815835693643,0.21909922534974052,0.37481200950000004,-1.0,-1.0,0.3307756245309631,0.11155613267370856,0.421949177241316,0.6693916855335736,0.38466155733333335,-1.0,-1.0,-1.0,0.3694992557089094,0.31914593920485934,0.2901160330127171,0.23906803484991027,-1.0,0.1674520872083953,0.16376407653977154,0.1442635842545125,0.07630252036481588,0.07217739225656888,0.07075965255205426,0.07853141648243901,0.1193738064026893,0.19846733663508767,0.1637802052042316,-1.0,0.33562670425480584,-1.0,0.2743030025714286,0.08920250960000001,0.24022315499999997,-1.0,0.666547131877897,-1.0,0.2639916839088961,0.1900454453722728,0.3818904305539691
Zr,-1.0,-1.0,-1.0,-1.0,-1.0,-1.0,-1.0,-1.0,-1.0,-1.0,-1.0,-1.0,-1.0,-1.0,-1.0,-1.0,-1.0,-1.0,-1.0,-1.0,-1.0,-1.0,-1.0,-1.0,-1.0,-1.0,-1.0,-1.0,-1.0,-1.0,-1.0,-1.0,-1.0,-1.0,-1.0,-1.0,-1.0,-1.0,-1.0,-1.0,-1.0,-1.0,-1.0,-1.0,-1.0,-1.0,-1.0,-1.0,-1.0,-1.0,-1.0,-1.0,-1.0,-1.0,-1.0,-1.0,0.053552900373561904,-1.0,0.10221806928084963,0.12256210539852526,-1.0,0.15368817428130005,-1.0,-1.0,-1.0,-1.0,-1.0,-1.0,-1.0,-1.0,-1.0,-1.0,-1.0,-1.0,-1.0,-1.0,-1.0,-1.0,-1.0,-1.0,-1.0,-1.0,-1.0
Nb,-1.0,-1.0,-1.0,-1.0,0.6912357145216033,0.8169013096353371,0.8496178774999998,-1.0,-1.0,-1.0,0.451944895,-1.0,0.7706317913468143,-1.0,-1.0,-1.0,-1.0,-1.0,-1.0,-1.0,0.4333502407640263,0.5152185280983278,0.523627241404628,0.5297979028928376,0.4503264170640365,0.5549496790444153,0.6034551609215364,0.4978891075,0.42998317750000004,-1.0,0.747262491164987,-1.0,-1.0,-1.0,-1.0,-1.0,-1.0,-1.0,0.36979144336773917,-1.0,-1.0,0.33562099875,-1.0,0.4126923425,0.46833966492889406,-1.0,-1.0,-1.0,0.2672404668454652,-1.0,-1.0,-1.0,-1.0,-1.0,-1.0,-1.0,0.38912553425783386,0.5671717053860962,0.5354717606980813,0.4368315658292132,-1.0,0.5049184581112299,0.42703026170687997,0.5091075892169291,0.4263114962169097,0.4148817229277204,0.5288295799577007,0.5182096122823314,0.4758111622175527,0.38342575350772456,0.27508313301493187,-1.0,-1.0,-1.0,-1.0,-1.0,-1.0,0.5816226011234462,0.7087472450909238,-1.0,0.5040287733736445,-1.0,0.5612496746100064
Mo,-1.0,-1.0,-1.0,-1.0,0.6978585955694961,0.7801186662499999,0.896691085,-1.0,-1.0,-1.0,0.5463380525000001,-1.0,0.7554608862500001,-1.0,-1.0,-1.0,-1.0,-1.0,-1.0,-1.0,0.2045268351505415,0.27385107488465343,0.2674030768292522,0.29281840497887585,0.349110115,0.5003951069874146,0.45579895875,0.41182859375,0.4540641125,-1.0,0.9371191299999999,-1.0,-1.0,-1.0,-1.0,-1.0,-1.0,-1.0,0.3947735291352672,-1.0,0.33562099875,-1.0,-1.0,0.1185936625,0.22167067750000002,-1.0,-1.0,-1.0,0.22872718406554227,-1.0,-1.0,-1.0,-1.0,-1.0,-1.0,-1.0,0.796500755,0.79017843,0.75686244875,0.3276530332010368,-1.0,0.6648366125,-1.0,0.65789124625,0.6197808025,0.41852660825420956,0.830473165,0.47401960625,-1.0,0.61884572,-1.0,-1.0,-1.0,-1.0,-1.0,-1.0,-1.0,-1.0,0.9515590275,-1.0,0.41980376624999993,-1.0,0.807645223125
Tc,-1.0,-1.0,-1.0,-1.0,-1.0,-1.0,-1.0,-1.0,-1.0,-1.0,-1.0,-1.0,-1.0,-1.0,-1.0,-1.0,-1.0,-1.0,-1.0,-1.0,-1.0,-1.0,-1.0,-1.0,-1.0,-1.0,-1.0,-1.0,-1.0,-1.0,-1.0,-1.0,-1.0,-1.0,-1.0,-1.0,-1.0,-1.0,-1.0,-1.0,-1.0,-1.0,-1.0,-1.0,-1.0,-1.0,-1.0,-1.0,-1.0,-1.0,-1.0,-1.0,-1.0,-1.0,-1.0,-1.0,-1.0,-1.0,-1.0,0.0421128841911976,-1.0,0.0482019792149499,-1.0,-1.0,-1.0,0.04954196382276218,-1.0,-1.0,-1.0,-1.0,-1.0,-1.0,-1.0,-1.0,-1.0,-1.0,-1.0,-1.0,-1.0,-1.0,-1.0,-1.0,-1.0
Ru,-1.0,-1.0,-1.0,-1.0,0.7044658360088935,0.758748945,0.88284019,-1.0,-1.0,-1.0,-1.0,-1.0,0.6368852014999999,-1.0,-1.0,-1.0,-1.0,-1.0,-1.0,-1.0,0.14457926200000001,0.18797677000000002,0.25874903669644,0.25988500183333335,0.319264584,0.46695767591666665,0.36865704866666665,0.3775264483333334,0.40526523325,-1.0,0.282553038,-1.0,0.55991247,-1.0,-1.0,-1.0,-1.0,-1.0,0.16568815835693643,-1.0,0.4126923425,0.1185936625,-1.0,-1.0,0.13735914316666667,0.09603666150000001,-1.0,-1.0,0.22461826850034672,-1.0,-1.0,-1.0,0.9374699180000001,-1.0,-1.0,-1.0,0.3870078647203165,0.3869201141138025,0.3232736722904772,0.22103243858145852,-1.0,0.0584475766882515,0.10176488872420676,0.35895369218462964,0.2790627364332304,0.22042660810096426,0.236010765,0.24710695125442358,0.2519160651911363,0.14327898533333333,0.18965461967572703,-1.0,-1.0,-1.0,-1.0,-1.0,-1.0,-1.0,0.8430721864999999,-1.0,0.34541008500000003,-1.0,0.31964951670904695
Rh,-1.0,-1.0,0.7814329466666666,-1.0,0.6856746842799506,0.777955609232297,0.8663473100000001,-1.0,-1.0,-1.0,0.52615887375,-1.0,0.4655077848575687,-1.0,-1.0,-1.0,-1.0,-1.0,1.0548123925000001,-1.0,0.20533568985059641,0.1636193081131306,0.14007518830205243,0.18317750455886117,0.3014371067637331,0.20498475001219654,0.3120993228771773,0.2397104577136924,0.6213473798571428,-1.0,0.3774535743690882,-1.0,0.6624745380347644,-1.0,-1.0,-1.0,1.31021739,-1.0,0.21909922534974052,-1.0,0.46833966492889406,0.22167067750000002,-1.0,0.13735914316666667,-1.0,0.12992425800000001,-1.0,-1.0,0.2621526966757313,-1.0,0.8929511119095889,-1.0,0.9620921780000001,-1.0,-1.0,-1.0,0.4547728548790967,0.7537601675,0.38415689209578596,0.36946260047889945,-1.0,0.24512326004936802,0.2672815765017829,0.3317195120172042,0.22044231724532268,0.7529395425,0.23367168506502858,0.3531236820874391,0.338479594,0.44798643625,0.32477446767530055,-1.0,-1.0,-1.0,-1.0,-1.0,0.020727738250900702,0.7298015984067777,0.7606585021068909,-1.0,0.4929151634752202,-1.0,0.6793848819771838
Pd,-1.0,-1.0,-1.0,-1.0,0.708162358,0.736927372995565,-1.0,-1.0,-1.0,-1.0,-1.0,-1.0,0.6013920849163293,-1.0,-1.0,-1.0,-1.0,-1.0,-1.0,-1.0,0.150501512,0.20718198000000002,0.25609397850000004,0.286973574,-1.0,0.2055140775,0.359931518,0.431495918,0.41800824599999997,-1.0,0.4843712691136484,-1.0,0.6668006277110753,-1.0,-1.0,-1.0,-1.0,-1.0,0.37481200950000004,-1.0,-1.0,-1.0,-1.0,0.09603666150000001,0.12992425800000001,-1.0,-1.0,-1.0,0.2217968995,-1.0,-1.0,-1.0,0.8895736125,-1.0,-1.0,-1.0,0.4555881972684017,-1.0,-1.0,-1.0,-1.0,-1.0,-1.0,-1.0,-1.0,-1.0,0.35552187450000006,0.34252207749999997,0.325970435,-1.0,0.259665663,-1.0,-1.0,-1.0,-1.0,-1.0,-1.0,0.4512194144144749,0.6532441135,-1.0,-1.0,-1.0,-1.0
Ag,-1.0,-1.0,-1.0,-1.0,0.8518536500000002,-1.0,-1.0,-1.0,-1.0,-1.0,-1.0,-1.0,0.7817001602500001,-1.0,0.964810483,-1.0,-1.0,-1.0,-1.0,-1.0,0.660358983125,0.671225161,-1.0,0.7202969472499999,-1.0,-1.0,-1.0,0.71947207,0.8214080150972917,-1.0,0.6953735400000001,-1.0,0.794131247,-1.0,-1.0,-1.0,-1.0,-1.0,-1.0,-1.0,-1.0,-1.0,-1.0,-1.0,-1.0,-1.0,-1.0,-1.0,-1.0,-1.0,0.769876651,-1.0,0.5498692309770862,-1.0,-1.0,-1.0,0.18982042951251316,-1.0,-1.0,-1.0,-1.0,-1.0,0.564460209,-1.0,-1.0,-1.0,-1.0,-1.0,-1.0,0.8000118075,-1.0,-1.0,-1.0,-1.0,-1.0,-1.0,-1.0,-1.0,0.21821104200000002,0.8341426939026029,0.5892573694888281,0.665724655,0.7023737304433033
Cd,-1.0,-1.0,-1.0,-1.0,0.5572028154238879,-1.0,-1.0,-1.0,-1.0,-1.0,-1.0,-1.0,0.469988315801773,-1.0,-1.0,-1.0,-1.0,-1.0,-1.0,-1.0,-1.0,-1.0,-1.0,-1.0,-1.0,-1.0,-1.0,-1.0,-1.0,-1.0,-1.0,-1.0,-1.0,-1.0,-1.0,-1.0,-1.0,-1.0,-1.0,-1.0,-1.0,-1.0,-1.0,-1.0,-1.0,-1.0,-1.0,-1.0,-1.0,-1.0,-1.0,-1.0,-1.0,-1.0,-1.0,-1.0,-1.0,0.6301878725000001,-1.0,-1.0,-1.0,-1.0,-1.0,-1.0,-1.0,-1.0,-1.0,-1.0,-1.0,-1.0,-1.0,-1.0,-1.0,-1.0,-1.0,-1.0,-1.0,-1.0,-1.0,-1.0,-1.0,-1.0,0.502499462
In,0.92376742625,-1.0,0.6222836966872726,-1.0,0.6236233648077829,0.8461392068697225,0.9152445766793585,-1.0,0.5587521647496475,-1.0,0.5050264984159635,0.5538566146371532,0.5255354618393019,0.3561563181976686,0.3217915573281224,-1.0,0.1877584987929018,-1.0,0.9424406385826657,-1.0,0.20609821161862385,0.2769140905203235,0.34052807576415256,0.37445352230974827,0.446995004183271,0.44313010495784083,0.4752252924640701,0.45279460216666667,0.5505798158014737,0.5609858509231399,0.44095726127774476,-1.0,0.5540701363785545,0.48343164554665835,-1.0,-1.0,0.8918679860153181,0.5079274079227132,0.3307756245309631,-1.0,0.2672404668454652,0.22872718406554227,-1.0,0.22461826850034672,0.2621526966757313,0.2217968995,-1.0,-1.0,-1.0,-1.0,0.5078229086024237,0.5727150934526462,0.818465866,-1.0,-1.0,-1.0,0.5042408525307198,0.49872856738928995,0.48259179740135444,0.5339614977349222,-1.0,0.4106804857773369,0.4801859456444628,0.48992911671495715,0.3884770289755715,0.3505665554491703,0.3833395487842335,0.3494461216734575,0.28264933433409,0.31767363463336334,0.2827719380105005,-1.0,0.28142611733732864,-1.0,-1.0,-1.0,-1.0,-1.0,0.6245805011314487,-1.0,0.264260702487469,-1.0,0.5212245052351436
Sn,-1.0,-1.0,-1.0,-1.0,-1.0,-1.0,-1.0,-1.0,-1.0,-1.0,-1.0,-1.0,-1.0,-1.0,-1.0,-1.0,-1.0,-1.0,-1.0,-1.0,-1.0,-1.0,-1.0,-1.0,-1.0,-1.0,-1.0,-1.0,-1.0,-1.0,-1.0,-1.0,-1.0,-1.0,-1.0,-1.0,-1.0,-1.0,0.11155613267370856,-1.0,-1.0,-1.0,-1.0,-1.0,-1.0,-1.0,-1.0,-1.0,-1.0,-1.0,-1.0,-1.0,-1.0,-1.0,-1.0,-1.0,-1.0,-1.0,0.0940231490597685,0.0905500222144585,-1.0,0.09738483720796981,0.09502667823925158,0.10116872751559285,0.09064744954807097,0.0644413269313443,0.0653835384370737,0.2828318098989546,0.1853016372378927,-1.0,0.18981794037454786,-1.0,-1.0,-1.0,-1.0,-1.0,-1.0,-1.0,-1.0,-1.0,-1.0,-1.0,0.1279060402360911
Sb,-1.0,-1.0,0.29444679072212787,-1.0,0.8530162599042596,0.8199828845211619,0.763745670343789,-1.0,-1.0,-1.0,-1.0,-1.0,0.8564041994091515,-1.0,0.4591341012497263,-1.0,0.13176315,-1.0,0.5990318677301862,-1.0,0.6327454685607977,0.5919070678854843,0.7433870777341568,0.8842691770625245,0.7682131505533153,0.7294866653950418,0.6752203972266092,-1.0,0.49562928999999994,-1.0,0.6514341934155021,-1.0,0.5624257663719562,0.6119383850799434,-1.0,-1.0,0.3561145832974959,-1.0,0.421949177241316,-1.0,-1.0,-1.0,-1.0,-1.0,0.8929511119095889,-1.0,0.769876651,-1.0,0.5078229086024237,-1.0,-1.0,0.79236892858061,-1.0,-1.0,-1.0,-1.0,0.501874014791066,0.5521469230894027,0.46563876878086885,0.48803429372857804,-1.0,0.4867152936778697,0.5083121122130563,0.6135160134614623,0.4843810505916618,0.46667884545723004,0.4255120738952621,0.5490549739583493,0.6546560875435142,0.42555176656780547,0.46552339899487827,-1.0,0.37815910514693646,-1.0,-1.0,-1.0,-1.0,-1.0,0.5501250266601556,-1.0,0.569518589127487,0.468862791,0.3404430414832668
